DE CODICE MEDIOLANENSI. Ι XXV

11111111, 5,15, 3 1111111111, 5, 21,1 11111111, 5, 28,1 111111,

5, 42,1 mairie 111, deinde in huius modestae significationis locum
rasurae successerunt ueluti 4, 13,3 1111, 4,15,4 116111, 4,19,4

11, 11111111, 111111, 1, 111 ms, 1111111, 11,-111 , ’

1111111111, 5, 26, 1 1111, 5, 35, 3 1111, 5, 37, 51111, 6, 2, 21111111,
6, 1131111117, quibus locis omnibus e per rasuram sactum ex 11. Quas
mutationes si propter soni illius quamcunque molestiam excusare
iicet, prorsus nihili est aliud correctionis genus, cuius origines non
minus diligenter perspicere licet. 7, 26,’5 in uoce quandoque primum
111 punctis notatum, deinde 111 in 1, mutatum est ; aqua ratione
¹ non multum differt 5, 19, 2 mutatum 1111111111111111, cum

12,19,2 in uoce maternoque apertissime q; ex 111 correctum sit, ⁶

cuius ipsius correctionis exempla rasura conspicua iam haec uide
iere innumera: 4, 2, 6 111111, 4, 5, 5 111111111111, 4, 6, 1
1111111111, 4, 6, 2 1111111, 4, 9, 1 1111111111, 4, 15, 1 1111111,
4, 15, 2 1111111161, 4, 211, 4 1111111111, 4, 22, 4 111111, 4, 22, 4
1111, 4, 31, 6 111111, 4, 36, 2 1111111111, 4, 36,6 116, 1, 5, l, 2·
11111111, 5, 3, 6 111, 5, 4, 2 1111111171, 5, 7, 2 111, 5, 9, 1 11111-
1111111, 5, 17, 21111171, 5, 17, 4 1111111111, 6, 2,5 111111, 6, 3,1
1111111111, 6, 3, 2 1111, 6,26,4 1111111111, 6, 22,1 111111, 6, ’22,’2
111, 6,’26,3 11111111, 6, 2661111111, 1111111111, 1121111111,
7, 1,4 1111111, 7, 3, 2 1111, Ι7, 4, 1· 1111, 7, 4, 2 111111, 7, 4, 4
11111111, 7, 4, 5 1111111111, 7, 5, 4 11111, 7, 5, 41111111, 11111111,
7, 6, 1 1111, 7, 6, l 11111111, 7, 6, 2 11111111, 7, 10, 2111111-
1111111, 7,12,2111, 11111111, 7,12,3 1117111, 1125111111, 7,14,2
111111, 7,,15, 3 1111111111, 7,15,5 111, 7,16,3 1111, 7, 2115
111111, 7, 23, 2 11111, 7, 24, 3 11111111, 7, 26, 5111111, 7, 26, 8
11111111, 7, 27, 1 1111116111, 7, 27, 3 1111111111, 8, 1,2 1111,
813111111111111, 8, 8, 21111, 16, 2, 2 11111111 Non minus
· mira ea correctio est, qua littera 1 in fine uocabulorum lineola
mutata est, uelut 4, 5, 4 1111171111, 4, 15, 4 11, 5, 8, 3 1111111111,
6, 8, 6 111117, 11117, 5, 11, 1 111111, 5,12,1 1111111, 5154111111,

5,23,3 111117, 5, 214117, 5, 35, 1 1117, 18141111, 1123111117, ,

7, 26, 5 11117, 7, 24, 4 1111111111, 7, 25, 1 11, 7, 26, 3 1171111,
7, 26, 6 111117, 1111117, 1111111111, 7, 27, 5 11111117, 9, 8, 8 1111111117,
10, 17, 5 1111111111, 16, 17, 6111111111, 1618311, 16,18,51
11111117, 11, 12, 4111111117, 11, 16, 7 17111. Eidem correctori cum

 

